tests/a280.tsp: 3751.3988440001685
tests/berlin52.tsp: 10116.014495510826
tests/bier127.tsp: 157605.7627833088
tests/ch130.tsp: 8128.757281130948
tests/ch150.tsp: 8333.472170089168
tests/d1291.tsp: 80210.59377217208
tests/d1655.tsp: 87803.08156454594
tests/d198.tsp: 19161.209417048813
tests/d2103.tsp: 140961.1078959783
tests/d493.tsp: 45571.71848892038
tests/d657.tsp: 65730.19370040316
tests/eil101.tsp: 832.2217964254476
tests/eil51.tsp: 626.337290790307
tests/eil76.tsp: 703.6351597441984
tests/fl1400.tsp: 27825.070536374555
tests/fl1577.tsp: 32026.55301436519
tests/fl3795.tsp: 40756.44806515285
tests/fl417.tsp: 16299.726149586879
tests/fnl4461.tsp: 254728.16219664202
tests/gil262.tsp: 3358.1541767582894
tests/kroA100.tsp: 27211.67972921635
tests/kroA150.tsp: 35122.56680105931
tests/kroA200.tsp: 40030.86635119212
tests/kroB100.tsp: 25881.199893685625
tests/kroB150.tsp: 36154.73394030785
tests/kroB200.tsp: 40710.95987899587
tests/kroC100.tsp: 27966.54136375163
tests/kroD100.tsp: 27113.29664042698
tests/kroE100.tsp: 30507.419046823474
tests/lin105.tsp: 20044.57150291655
tests/lin318.tsp: 59334.954404748154
tests/linhp318.tsp: 59334.954404748154
tests/nrw1379.tsp: 79156.2650653691
tests/p654.tsp: 49620.105877079084
tests/pcb1173.tsp: 80728.18863419454
tests/pcb3038.tsp: 196718.24358220736
tests/pcb442.tsp: 69762.39674204763
tests/pr1002.tsp: 351387.2202433054
tests/pr107.tsp: 54238.03661175547
tests/pr124.tsp: 75177.53713664762
tests/pr136.tsp: 151913.74200165656
tests/pr144.tsp: 80596.32004796875
tests/pr152.tsp: 92021.71384204339
tests/pr226.tsp: 115264.0126646197
tests/pr2392.tsp: 526143.6307754437
tests/pr264.tsp: 70613.7888411385
tests/pr299.tsp: 64573.23371762577
tests/pr439.tsp: 146846.6506092363
tests/pr76.tsp: 145338.11445183848
tests/rat195.tsp: 3329.6659014343
tests/rat575.tsp: 9425.889324223228
tests/rat783.tsp: 12067.602998246572
tests/rat99.tsp: 1717.2816970707845
tests/rd100.tsp: 10791.655815950702
tests/rd400.tsp: 20250.376744292647
tests/rl1304.tsp: 350894.10127275786
tests/rl1323.tsp: 384134.4512578047
tests/rl1889.tsp: 449335.90756593214
tests/rl5915.tsp: 858988.7277412643
tests/rl5934.tsp: 842363.5317887756
tests/st70.tsp: 873.3514856717352
tests/ts225.tsp: 196979.27842963857
tests/tsp225.tsp: 5134.281989396211
tests/u1060.tsp: 303084.36154874734
tests/u1432.tsp: 222340.33979095667
tests/u159.tsp: 58292.50842435215
tests/u1817.tsp: 89396.09895070497
tests/u2152.tsp: 101570.27112887488
tests/u2319.tsp: 405732.6557932765
tests/u574.tsp: 49086.37285729394
tests/u724.tsp: 57934.088827179134
tests/vm1084.tsp: 314321.65542920964
tests/vm1748.tsp: 445935.551642111
